Výmena
@@@@@
Na vstupe dostanete čísla $n$, $m$ a obdĺžnik čísel veľkosti $n\times m$ ($1\leq n,m \leq 20$).
Vašou úlohou je vymeniť riadky a stĺpce. Teda napríklad číslo, ktoré bolo v 3. stĺpci a 4. riadku.
bude teraz v 4. stĺpci a 3. riadku.
@@@@@
#include<iostream>

using namespace std;

int main(){
    int n,m;
    int a[100][100];
    cin >> n >> m;
    for(int i=0;i<n;i++){
        for(int j=0;j<m;j++){
            cin >> a[i][j];
        }
    }
    for(int i=0;i<m;i++){
        for(int j=0;j<n;j++){
            cout << a[j][i];
            if(j!=n-1) cout << " "; 
        }
        cout << endl;
    }
}
@@@@@
3 5
2 1 3 4 5
3 1 3 2 5
7 1 2 4 9
@@@@@
2 2
1 2
3 4
@@@@@
4 4
4 2 1 6
3 1 8 3
7 4 2 1 
9 1 3 2
@@@@@
2 2
1 2
3 4
@@@@@
1 1
4
@@@@@
1 7
3 2 1 4 5 6 0
@@@@@
17 20
82 61 27 95 32 13 1 8 36 3 51 50 29 81 97 70 91 12 10 93
42 40 92 81 50 76 53 62 79 17 82 60 29 8 7 60 73 7 19 8
9 69 9 90 49 5 59 91 17 20 36 58 60 27 38 9 55 42 22 85
58 56 45 38 15 51 49 87 9 68 46 70 88 55 59 37 59 69 79 75
89 14 85 100 93 22 60 47 64 34 31 73 89 27 63 3 29 11 42 38
78 87 7 18 93 17 54 4 37 32 30 77 98 14 28 90 88 88 88 3
73 70 75 61 97 89 15 77 100 56 14 29 95 72 46 39 40 51 42 29
35 72 57 32 85 85 21 72 24 60 74 96 29 1 8 77 41 22 54 40
30 19 69 76 43 66 14 82 17 56 62 51 27 19 34 63 55 6 87 78
65 12 73 93 12 32 70 5 5 75 44 34 93 64 61 35 30 27 69 98
82 30 48 60 100 33 22 54 38 8 31 2 20 55 46 83 38 15 87 43
89 83 28 34 46 89 68 27 15 88 24 48 70 23 7 69 55 80 75 92
40 57 45 11 64 91 45 1 57 84 43 46 66 71 31 63 11 98 42 25
86 17 24 55 92 30 75 46 61 49 90 100 6 86 10 69 76 7 21 33
90 64 30 7 34 60 69 44 9 62 20 94 79 43 100 70 24 27 67 84
75 8 36 32 94 97 52 69 3 73 53 92 36 82 50 21 93 19 16 2
80 35 47 10 29 47 79 52 73 46 87 99 53 22 83 46 19 34 67 73
@@@@@
20 19
47 13 98 5 18 60 91 24 65 25 71 35 2 59 81 35 23 63 38
58 38 8 20 44 34 57 88 20 26 5 80 24 69 29 80 39 88 71
62 5 95 32 91 49 90 71 35 65 85 72 74 22 31 93 17 65 1
4 36 26 60 15 1 81 95 81 19 83 51 80 87 97 11 29 97 53
99 32 17 35 55 42 8 86 34 25 2 86 28 37 12 40 3 12 20
97 44 38 31 94 17 17 43 79 45 39 31 95 22 99 29 29 40 37
14 25 61 15 11 40 3 74 79 5 37 50 1 81 87 32 26 55 100
68 34 97 59 16 91 80 15 72 8 6 60 73 31 72 39 93 63 41
18 42 45 54 91 46 86 30 77 12 84 28 79 17 24 89 33 67 21
99 38 28 4 49 53 86 20 91 30 82 84 47 75 28 53 18 25 38
47 1 49 30 81 80 99 4 20 83 70 40 81 59 20 36 7 72 74
26 14 3 60 97 2 34 25 6 51 49 43 97 2 44 79 82 75 77
37 94 59 7 34 91 17 53 78 24 24 51 1 89 6 60 86 59 46
10 64 96 10 6 45 11 1 23 44 75 51 81 69 61 39 54 51 7
6 28 30 81 31 83 69 88 94 54 46 39 15 9 35 25 66 79 87
19 53 83 93 3 63 13 63 53 66 65 59 23 92 41 55 74 75 76
61 68 81 58 7 48 18 41 72 36 71 10 54 23 92 46 25 6 11
39 10 28 3 21 51 46 13 57 20 87 32 32 54 65 42 60 12 59
52 35 94 22 44 47 44 88 45 20 45 55 58 55 82 12 27 84 58
39 93 29 25 76 60 78 40 1 90 51 12 41 37 5 63 81 4 58
@@@@@
