Otočenie
@@@@@
Na vstupe dostanete číslo $n$ ($1\leq n \leq 20$) a štvorec čísel veľkosti $n\times n$. Vašou úlohou je
otočiť štvorec o 90 stupňov proti smeru hodinových ručičiek.
@@@@@
#include<iostream>

using namespace std;

int main(){
    int n;
    int a[100][100];
    cin >> n;
    for(int i=0;i<n;i++){
        for(int j=0;j<n;j++){
            cin >> a[i][j];
        }
    }
    for(int i=n-1;i>=0;i--){
        for(int j=0;j<n;j++){
            cout << a[j][i];
            if(j!=n-1) cout << " ";
        }
        cout << endl;
    }
}
@@@@@
3
2 1 3 
3 2 5 
7 1 2 
@@@@@
2
1 2
3 4
@@@@@
1
4
@@@@@
4
4 2 1 6
3 1 8 3
7 4 2 1 
9 1 3 2
@@@@@
20
33 84 45 70 65 28 95 45 37 8 81 47 38 44 81 93 63 33 10 96
82 84 99 77 75 61 74 73 38 84 69 70 19 66 91 84 93 85 80 30
44 12 28 82 55 9 26 18 93 36 65 26 71 15 54 46 75 27 70 64
63 39 33 33 4 75 68 48 59 100 29 55 11 57 36 18 17 13 87 61
48 51 38 71 65 91 68 91 70 37 55 84 27 39 16 82 14 36 82 24
35 10 78 45 18 65 62 86 78 48 98 77 50 35 47 66 78 66 57 47
55 63 30 81 1 97 15 66 32 96 90 66 57 19 63 27 84 24 12 61
24 10 37 25 96 36 91 73 1 99 71 55 61 100 88 61 49 54 27 80
1 68 98 57 86 60 83 69 35 47 81 58 8 18 35 3 5 25 28 57
23 98 12 83 50 51 95 98 4 73 77 4 40 74 12 26 33 47 46 68
93 27 77 100 96 11 54 52 87 81 8 61 79 19 95 80 69 90 77 24
62 53 79 54 79 91 79 63 89 76 82 81 2 11 32 49 73 37 100 60
70 8 20 100 78 15 79 99 56 55 22 69 59 1 22 37 43 52 52 31
28 33 63 81 43 46 30 16 82 81 27 51 88 46 50 66 12 28 16 67
34 37 36 93 89 9 81 83 61 32 65 88 17 27 68 59 72 49 26 6
30 52 8 69 50 10 86 13 37 1 80 23 90 67 15 78 75 47 13 87
79 77 74 95 4 94 5 27 94 83 84 75 86 92 44 35 1 81 48 89
82 79 11 71 97 77 100 23 24 12 10 54 89 35 100 44 80 56 22 26
38 6 100 24 49 95 10 49 76 9 89 9 87 100 31 35 28 30 10 51
94 71 56 34 5 55 29 37 11 50 62 48 7 13 23 55 60 33 3 87
@@@@@
